{
    "frames": [
        {
            "file_path": "images/frame_00047.jpg",
            "transform_matrix": [
                [
                    0.9941638599015415,
                    -0.09616567788552187,
                    -0.048891533648335095,
                    -0.13216282278219957
                ],
                [
                    -0.05562401646780499,
                    -0.06862088197363182,
                    -0.9960909312653892,
                    -3.9096107847875747
                ],
                [
                    0.09243477948076469,
                    0.9929971485125115,
                    -0.07356952214309581,
                    0.5490726565426233
                ],
                [
                    0.0,
                    0.0,
                    0.0,
                    1.0
                ]
            ],
            "colmap_im_id": 47,
            "w": 2000,
            "h": 1500,
            "fl_x": 1500.380358256962,
            "fl_y": 1500.380358256962,
            "cx": 1000.0,
            "cy": 750.0,
            "k1": 0.02982720519438289,
            "k2": 0.0,
            "p1": 0.0,
            "p2": 0.0,
            "camera_model": "OPENCV"
        },
        {
            "file_path": "images/frame_00045.jpg",
            "transform_matrix": [
                [
                    0.756412918595645,
                    -0.17916936118097335,
                    -0.6290769719164897,
                    -0.4420773393433361
                ],
                [
                    -0.6360882323192502,
                    0.022616354166083954,
                    -0.7712848120047523,
                    -3.505820719867405
                ],
                [
                    0.15241803465006953,
                    0.9835582547761146,
                    -0.09686021977661426,
                    0.46916697215747516
                ],
                [
                    0.0,
                    0.0,
                    0.0,
                    1.0
                ]
            ],
            "colmap_im_id": 45,
            "w": 2000,
            "h": 1500,
            "fl_x": 1498.9175749190929,
            "fl_y": 1498.9175749190929,
            "cx": 1000.0,
            "cy": 750.0,
            "k1": 0.02729937008069984,
            "k2": 0.0,
            "p1": 0.0,
            "p2": 0.0,
            "camera_model": "OPENCV"
        },
        {
            "file_path": "images/frame_00042.jpg",
            "transform_matrix": [
                [
                    0.45845115283407656,
                    -0.24006466090427028,
                    -0.855681891271531,
                    -0.7620251757471131
                ],
                [
                    -0.8638425295928426,
                    0.10584161539145867,
                    -0.49251765097097333,
                    -3.094348050104296
                ],
                [
                    0.2088028365031118,
                    0.9649696943615609,
                    -0.15885485334735766,
                    0.3769188539263616
                ],
                [
                    0.0,
                    0.0,
                    0.0,
                    1.0
                ]
            ],
            "colmap_im_id": 42,
            "w": 2000,
            "h": 1500,
            "fl_x": 1504.6940077710594,
            "fl_y": 1504.6940077710594,
            "cx": 1000.0,
            "cy": 750.0,
            "k1": 0.024903963323030076,
            "k2": 0.0,
            "p1": 0.0,
            "p2": 0.0,
            "camera_model": "OPENCV"
        },
        {
            "file_path": "images/frame_00039.jpg",
            "transform_matrix": [
                [
                    0.17056514937121087,
                    -0.24816494604251643,
                    -0.9535836037682757,
                    -1.016359407944702
                ],
                [
                    -0.9644673083071991,
                    0.15612036662737575,
                    -0.21314136700978523,
                    -2.719684833986627
                ],
                [
                    0.20176803767356893,
                    0.9560547006734754,
                    -0.21271828387214062,
                    0.31005257822687626
                ],
                [
                    0.0,
                    0.0,
                    0.0,
                    1.0
                ]
            ],
            "colmap_im_id": 39,
            "w": 2000,
            "h": 1500,
            "fl_x": 1498.2993806483519,
            "fl_y": 1498.2993806483519,
            "cx": 1000.0,
            "cy": 750.0,
            "k1": 0.032658085557784454,
            "k2": 0.0,
            "p1": 0.0,
            "p2": 0.0,
            "camera_model": "OPENCV"
        },
        {
            "file_path": "images/frame_00048.jpg",
            "transform_matrix": [
                [
                    0.8348471227857692,
                    -0.17095715305194187,
                    -0.5232627766205978,
                    -0.13198979839632308
                ],
                [
                    -0.5366198699761422,
                    -0.04076697980358413,
                    -0.8428387559340649,
                    -3.920973162955096
                ],
                [
                    0.12275747114986899,
                    0.9844347135173916,
                    -0.12577320103591227,
                    0.5435891381978992
                ],
                [
                    0.0,
                    0.0,
                    0.0,
                    1.0
                ]
            ],
            "colmap_im_id": 48,
            "w": 2000,
            "h": 1500,
            "fl_x": 1511.210598913897,
            "fl_y": 1511.210598913897,
            "cx": 1000.0,
            "cy": 750.0,
            "k1": 0.027116691199311836,
            "k2": 0.0,
            "p1": 0.0,
            "p2": 0.0,
            "camera_model": "OPENCV"
        },
        {
            "file_path": "images/frame_00046.jpg",
            "transform_matrix": [
                [
                    0.40621881387199066,
                    -0.27623036027987635,
                    -0.8710241462302195,
                    -0.3559138013635327
                ],
                [
                    -0.8867629404895753,
                    0.11089016782030793,
                    -0.4487258161227922,
                    -3.556984341922362
                ],
                [
                    0.22053970760548994,
                    0.9546728019276728,
                    -0.19990517409224645,
                    0.47776674666689745
                ],
                [
                    0.0,
                    0.0,
                    0.0,
                    1.0
                ]
            ],
            "colmap_im_id": 46,
            "w": 2000,
            "h": 1500,
            "fl_x": 1489.0043600322085,
            "fl_y": 1489.0043600322085,
            "cx": 1000.0,
            "cy": 750.0,
            "k1": 0.011732355189819558,
            "k2": 0.0,
            "p1": 0.0,
            "p2": 0.0,
            "camera_model": "OPENCV"
        },
        {
            "file_path": "images/frame_00043.jpg",
            "transform_matrix": [
                [
                    -0.06600932514785683,
                    -0.19844084488473926,
                    -0.9778875191324184,
                    -0.7328004766086579
                ],
                [
                    -0.9778774386443504,
                    0.2078160625041938,
                    0.023836928401496378,
                    -3.124251204622215
                ],
                [
                    0.1984905135866437,
                    0.9578276020488675,
                    -0.20776862315909625,
                    0.3791592740696651
                ],
                [
                    0.0,
                    0.0,
                    0.0,
                    1.0
                ]
            ],
            "colmap_im_id": 43,
            "w": 2000,
            "h": 1500,
            "fl_x": 1510.6015787141157,
            "fl_y": 1510.6015787141157,
            "cx": 1000.0,
            "cy": 750.0,
            "k1": 0.04145278189854082,
            "k2": 0.0,
            "p1": 0.0,
            "p2": 0.0,
            "camera_model": "OPENCV"
        },
        {
            "file_path": "images/frame_00041.jpg",
            "transform_matrix": [
                [
                    0.8604458466451593,
                    -0.17004089943895911,
                    -0.48033221577267193,
                    -0.77077379585872
                ],
                [
                    -0.4818486260274257,
                    0.035006800565811624,
                    -0.8755549243249263,
                    -3.0574112247295298
                ],
                [
                    0.16569504092330853,
                    0.9848150163518706,
                    -0.05181251761194207,
                    0.37065962533401925
                ],
                [
                    0.0,
                    0.0,
                    0.0,
                    1.0
                ]
            ],
            "colmap_im_id": 41,
            "w": 2000,
            "h": 1500,
            "fl_x": 1494.208096556193,
            "fl_y": 1494.208096556193,
            "cx": 1000.0,
            "cy": 750.0,
            "k1": 0.027387639158434247,
            "k2": 0.0,
            "p1": 0.0,
            "p2": 0.0,
            "camera_model": "OPENCV"
        },
        {
            "file_path": "images/frame_00035.jpg",
            "transform_matrix": [
                [
                    0.14082940471042024,
                    -0.2131696214222715,
                    -0.9668121799354794,
                    -1.3051800671533307
                ],
                [
                    -0.9680462030433707,
                    0.17501724063581184,
                    -0.1795982022558661,
                    -2.3042696764298913
                ],
                [
                    0.20749368072840513,
                    0.9612115677533806,
                    -0.181710468809221,
                    0.22112577089293944
                ],
                [
                    0.0,
                    0.0,
                    0.0,
                    1.0
                ]
            ],
            "colmap_im_id": 35,
            "w": 2000,
            "h": 1500,
            "fl_x": 1504.2185976597868,
            "fl_y": 1504.2185976597868,
            "cx": 1000.0,
            "cy": 750.0,
            "k1": 0.02210035624389756,
            "k2": 0.0,
            "p1": 0.0,
            "p2": 0.0,
            "camera_model": "OPENCV"
        },
        {
            "file_path": "images/frame_00036.jpg",
            "transform_matrix": [
                [
                    -0.29441473895083664,
                    -0.15297410078120752,
                    -0.9433551218807747,
                    -1.2684060405869932
                ],
                [
                    -0.9420293672764898,
                    0.2126828054950283,
                    0.25951241865355923,
                    -2.335383217111469
                ],
                [
                    0.16093673501462308,
                    0.9650725095747702,
                    -0.2067230480277612,
                    0.22816808200850225
                ],
                [
                    0.0,
                    0.0,
                    0.0,
                    1.0
                ]
            ],
            "colmap_im_id": 36,
            "w": 2000,
            "h": 1500,
            "fl_x": 1506.5501564528158,
            "fl_y": 1506.5501564528158,
            "cx": 1000.0,
            "cy": 750.0,
            "k1": 0.03645563977184489,
            "k2": 0.0,
            "p1": 0.0,
            "p2": 0.0,
            "camera_model": "OPENCV"
        },
        {
            "file_path": "images/frame_00044.jpg",
            "transform_matrix": [
                [
                    0.9932979445344642,
                    -0.10291527364497721,
                    -0.052608362778060545,
                    -0.45170462072197726
                ],
                [
                    -0.05689208481125371,
                    -0.039139103806727985,
                    -0.9976128614041798,
                    -3.481174455448502
                ],
                [
                    0.10061055645128736,
                    0.9939198041108678,
                    -0.04473185583872736,
                    0.4667593712689558
                ],
                [
                    0.0,
                    0.0,
                    0.0,
                    1.0
                ]
            ],
            "colmap_im_id": 44,
            "w": 2000,
            "h": 1500,
            "fl_x": 1491.9486151703964,
            "fl_y": 1491.9486151703964,
            "cx": 1000.0,
            "cy": 750.0,
            "k1": 0.02213729658958341,
            "k2": 0.0,
            "p1": 0.0,
            "p2": 0.0,
            "camera_model": "OPENCV"
        },
        {
            "file_path": "images/frame_00187.jpg",
            "transform_matrix": [
                [
                    -0.46131801367345787,
                    -0.2182441941921947,
                    -0.8599739309780119,
                    -2.1080867332891122
                ],
                [
                    -0.8844952713217883,
                    0.1892370639216465,
                    0.42644747466447763,
                    -1.634389932928895
                ],
                [
                    0.06966925627399034,
                    0.9573707773583409,
                    -0.2803344241981615,
                    0.059697849118232005
                ],
                [
                    0.0,
                    0.0,
                    0.0,
                    1.0
                ]
            ],
            "colmap_im_id": 187,
            "w": 2000,
            "h": 1500,
            "fl_x": 2420.312817648817,
            "fl_y": 2420.312817648817,
            "cx": 1000.0,
            "cy": 750.0,
            "k1": 0.04257654528645897,
            "k2": 0.0,
            "p1": 0.0,
            "p2": 0.0,
            "camera_model": "OPENCV"
        },
        {
            "file_path": "images/frame_00038.jpg",
            "transform_matrix": [
                [
                    0.888416186056495,
                    -0.16148507594228292,
                    -0.42969669605519006,
                    -1.0243276693809515
                ],
                [
                    -0.43165958939157495,
                    0.024554250054593708,
                    -0.901702327650624,
                    -2.7041906819525083
                ],
                [
                    0.15616234898056622,
                    0.9865696422717312,
                    -0.04789218838913355,
                    0.30929114685400133
                ],
                [
                    0.0,
                    0.0,
                    0.0,
                    1.0
                ]
            ],
            "colmap_im_id": 38,
            "w": 2000,
            "h": 1500,
            "fl_x": 1505.041509106036,
            "fl_y": 1505.041509106036,
            "cx": 1000.0,
            "cy": 750.0,
            "k1": 0.023285029481416,
            "k2": 0.0,
            "p1": 0.0,
            "p2": 0.0,
            "camera_model": "OPENCV"
        },
        {
            "file_path": "images/frame_00050.jpg",
            "transform_matrix": [
                [
                    0.998262933738074,
                    -0.05702052679503014,
                    0.014824798436106951,
                    0.21594449755535916
                ],
                [
                    0.016128079700545327,
                    0.022464463879058424,
                    -0.9996175433173426,
                    -4.383668943213419
                ],
                [
                    0.05666568776452648,
                    0.9981202369387387,
                    0.023345073217479178,
                    0.6384670800026683
                ],
                [
                    0.0,
                    0.0,
                    0.0,
                    1.0
                ]
            ],
            "colmap_im_id": 50,
            "w": 2000,
            "h": 1500,
            "fl_x": 1493.6337719987955,
            "fl_y": 1493.6337719987955,
            "cx": 1000.0,
            "cy": 750.0,
            "k1": 0.023274216348907778,
            "k2": 0.0,
            "p1": 0.0,
            "p2": 0.0,
            "camera_model": "OPENCV"
        },
        {
            "file_path": "images/frame_00051.jpg",
            "transform_matrix": [
                [
                    0.9297971257337201,
                    -0.06277413661686584,
                    -0.3626799039777633,
                    0.254798974674085
                ],
                [
                    -0.3573786992053836,
                    0.08182180022482202,
                    -0.9303685604975253,
                    -4.463062831458586
                ],
                [
                    0.08807820576953464,
                    0.9946680857351243,
                    0.05364353538352164,
                    0.646266689116527
                ],
                [
                    0.0,
                    0.0,
                    0.0,
                    1.0
                ]
            ],
            "colmap_im_id": 51,
            "w": 2000,
            "h": 1500,
            "fl_x": 1476.6300127823815,
            "fl_y": 1476.6300127823815,
            "cx": 1000.0,
            "cy": 750.0,
            "k1": 0.03254371286192555,
            "k2": 0.0,
            "p1": 0.0,
            "p2": 0.0,
            "camera_model": "OPENCV"
        },
        {
            "file_path": "images/frame_00052.jpg",
            "transform_matrix": [
                [
                    0.8402433057938775,
                    -0.06033571272619468,
                    -0.5388420815400358,
                    0.27702199360244567
                ],
                [
                    -0.5267528645691635,
                    0.14476045467066584,
                    -0.8376012359301548,
                    -4.531236327249492
                ],
                [
                    0.128540292269611,
                    0.9876254414166155,
                    0.08985199346635983,
                    0.6508731049995344
                ],
                [
                    0.0,
                    0.0,
                    0.0,
                    1.0
                ]
            ],
            "colmap_im_id": 52,
            "w": 2000,
            "h": 1500,
            "fl_x": 1479.8410160279966,
            "fl_y": 1479.8410160279966,
            "cx": 1000.0,
            "cy": 750.0,
            "k1": 0.029455446835681035,
            "k2": 0.0,
            "p1": 0.0,
            "p2": 0.0,
            "camera_model": "OPENCV"
        },
        {
            "file_path": "images/frame_00188.jpg",
            "transform_matrix": [
                [
                    0.09458727389035382,
                    -0.21657792693517253,
                    -0.9716723980758402,
                    -2.1495010089320465
                ],
                [
                    -0.9813476679220797,
                    0.14380409575387468,
                    -0.1275818823669942,
                    -1.946196241577893
                ],
                [
                    0.1673618901718258,
                    0.9656160642868745,
                    -0.1989362061296038,
                    0.09830438267274283
                ],
                [
                    0.0,
                    0.0,
                    0.0,
                    1.0
                ]
            ],
            "colmap_im_id": 188,
            "w": 2000,
            "h": 1500,
            "fl_x": 3038.366719395577,
            "fl_y": 3038.366719395577,
            "cx": 1000.0,
            "cy": 750.0,
            "k1": 0.15228622825470792,
            "k2": 0.0,
            "p1": 0.0,
            "p2": 0.0,
            "camera_model": "OPENCV"
        },
        {
            "file_path": "images/frame_00054.jpg",
            "transform_matrix": [
                [
                    0.9863013540830771,
                    -0.05424496490750657,
                    -0.1557790830505564,
                    0.6252902927270645
                ],
                [
                    -0.15226926474814662,
                    0.06375676834463932,
                    -0.9862804598608383,
                    -4.647831079505938
                ],
                [
                    0.06343271984510526,
                    0.9964901195056735,
                    0.054623546027523784,
                    0.7075071771752421
                ],
                [
                    0.0,
                    0.0,
                    0.0,
                    1.0
                ]
            ],
            "colmap_im_id": 54,
            "w": 2000,
            "h": 1500,
            "fl_x": 1481.1307597882615,
            "fl_y": 1481.1307597882615,
            "cx": 1000.0,
            "cy": 750.0,
            "k1": 0.04595535579402742,
            "k2": 0.0,
            "p1": 0.0,
            "p2": 0.0,
            "camera_model": "OPENCV"
        },
        {
            "file_path": "images/frame_00053.jpg",
            "transform_matrix": [
                [
                    0.9913151278343103,
                    -0.08873068463036604,
                    0.0970627783028666,
                    0.5567337623106199
                ],
                [
                    0.10298004746629986,
                    0.06473065800796146,
                    -0.9925749602612868,
                    -4.634369238540275
                ],
                [
                    0.08178891826331688,
                    0.9939501031333932,
                    0.07330597063291372,
                    0.7032173402786693
                ],
                [
                    0.0,
                    0.0,
                    0.0,
                    1.0
                ]
            ],
            "colmap_im_id": 53,
            "w": 2000,
            "h": 1500,
            "fl_x": 1491.4274082768354,
            "fl_y": 1491.4274082768354,
            "cx": 1000.0,
            "cy": 750.0,
            "k1": 0.00880218542636364,
            "k2": 0.0,
            "p1": 0.0,
            "p2": 0.0,
            "camera_model": "OPENCV"
        },
        {
            "file_path": "images/frame_00055.jpg",
            "transform_matrix": [
                [
                    0.9814546930741951,
                    -0.1711477014508358,
                    0.08634320894391752,
                    0.738645502039516
                ],
                [
                    0.09871419583639197,
                    0.06512633783860208,
                    -0.9929824105492033,
                    -4.64517213675174
                ],
                [
                    0.16432344015085573,
                    0.9830905474104751,
                    0.08081325763239769,
                    0.7076144155723867
                ],
                [
                    0.0,
                    0.0,
                    0.0,
                    1.0
                ]
            ],
            "colmap_im_id": 55,
            "w": 2000,
            "h": 1500,
            "fl_x": 1484.1626416613708,
            "fl_y": 1484.1626416613708,
            "cx": 1000.0,
            "cy": 750.0,
            "k1": 0.040642238390207176,
            "k2": 0.0,
            "p1": 0.0,
            "p2": 0.0,
            "camera_model": "OPENCV"
        },
        {
            "file_path": "images/frame_00056.jpg",
            "transform_matrix": [
                [
                    0.9779440936634333,
                    -0.1721072293975223,
                    0.11834040416491169,
                    0.7928008303709387
                ],
                [
                    0.12761068321674865,
                    0.04379658759377203,
                    -0.9908568879732813,
                    -4.637247037781217
                ],
                [
                    0.16535072784164156,
                    0.9841041410868313,
                    0.06479333528990205,
                    0.7107502761279845
                ],
                [
                    0.0,
                    0.0,
                    0.0,
                    1.0
                ]
            ],
            "colmap_im_id": 57,
            "w": 2000,
            "h": 1500,
            "fl_x": 1490.3841002377417,
            "fl_y": 1490.3841002377417,
            "cx": 1000.0,
            "cy": 750.0,
            "k1": 0.03464432514772348,
            "k2": 0.0,
            "p1": 0.0,
            "p2": 0.0,
            "camera_model": "OPENCV"
        },
        {
            "file_path": "images/frame_00057.jpg",
            "transform_matrix": [
                [
                    0.9688593331778164,
                    -0.1703720733734864,
                    0.1796801300329457,
                    0.8449654526059367
                ],
                [
                    0.19349334698787304,
                    0.06813938552836568,
                    -0.9787325215865912,
                    -4.624647188338494
                ],
                [
                    0.15450539532866633,
                    0.9830210479711183,
                    0.09898334233645792,
                    0.7110572183575616
                ],
                [
                    0.0,
                    0.0,
                    0.0,
                    1.0
                ]
            ],
            "colmap_im_id": 56,
            "w": 2000,
            "h": 1500,
            "fl_x": 1488.7629258815023,
            "fl_y": 1488.7629258815023,
            "cx": 1000.0,
            "cy": 750.0,
            "k1": 0.03464131261292646,
            "k2": 0.0,
            "p1": 0.0,
            "p2": 0.0,
            "camera_model": "OPENCV"
        },
        {
            "file_path": "images/frame_00058.jpg",
            "transform_matrix": [
                [
                    0.9428786498482874,
                    -0.18976637160622284,
                    0.2738039003879961,
                    0.9537049267308569
                ],
                [
                    0.28744035849305505,
                    0.047961044670852666,
                    -0.9565969780965569,
                    -4.59054343599822
                ],
                [
                    0.16839801652529868,
                    0.9806571584409555,
                    0.09976795892898598,
                    0.7146744811613355
                ],
                [
                    0.0,
                    0.0,
                    0.0,
                    1.0
                ]
            ],
            "colmap_im_id": 58,
            "w": 2000,
            "h": 1500,
            "fl_x": 1487.3201111707742,
            "fl_y": 1487.3201111707742,
            "cx": 1000.0,
            "cy": 750.0,
            "k1": 0.030519344671312836,
            "k2": 0.0,
            "p1": 0.0,
            "p2": 0.0,
            "camera_model": "OPENCV"
        },
        {
            "file_path": "images/frame_00059.jpg",
            "transform_matrix": [
                [
                    0.9906383712083303,
                    -0.10077890737943525,
                    0.09208273083001912,
                    1.078015630939979
                ],
                [
                    0.0944603356623172,
                    0.01907005234818497,
                    -0.9953459589961672,
                    -4.542942839291699
                ],
                [
                    0.0985538557148776,
                    0.994726065271663,
                    0.028411135015806586,
                    0.7178774235934869
                ],
                [
                    0.0,
                    0.0,
                    0.0,
                    1.0
                ]
            ],
            "colmap_im_id": 59,
            "w": 2000,
            "h": 1500,
            "fl_x": 1480.5066314732633,
            "fl_y": 1480.5066314732633,
            "cx": 1000.0,
            "cy": 750.0,
            "k1": 0.05712450259828403,
            "k2": 0.0,
            "p1": 0.0,
            "p2": 0.0,
            "camera_model": "OPENCV"
        },
        {
            "file_path": "images/frame_00060.jpg",
            "transform_matrix": [
                [
                    0.9915667140147031,
                    -0.07908818719295022,
                    0.10266698741375845,
                    1.3212651333119885
                ],
                [
                    0.10582350039643222,
                    0.03680059325773651,
                    -0.9937037300421716,
                    -4.4306965222448245
                ],
                [
                    0.07481202057109725,
                    0.99618812228535,
                    0.04485963213913172,
                    0.717529549339278
                ],
                [
                    0.0,
                    0.0,
                    0.0,
                    1.0
                ]
            ],
            "colmap_im_id": 60,
            "w": 2000,
            "h": 1500,
            "fl_x": 1491.3544904253888,
            "fl_y": 1491.3544904253888,
            "cx": 1000.0,
            "cy": 750.0,
            "k1": 0.034126419225703385,
            "k2": 0.0,
            "p1": 0.0,
            "p2": 0.0,
            "camera_model": "OPENCV"
        },
        {
            "file_path": "images/frame_00061.jpg",
            "transform_matrix": [
                [
                    0.9972868664866471,
                    -0.06000091223942731,
                    -0.04264735001944529,
                    1.4833873780870999
                ],
                [
                    -0.044489934229073776,
                    -0.02971549753110044,
                    -0.998567791869321,
                    -4.356970207077008
                ],
                [
                    0.05864769122085904,
                    0.9977559219252551,
                    -0.0323043120580994,
                    0.7238198603677778
                ],
                [
                    0.0,
                    0.0,
                    0.0,
                    1.0
                ]
            ],
            "colmap_im_id": 61,
            "w": 2000,
            "h": 1500,
            "fl_x": 1491.1505820005323,
            "fl_y": 1491.1505820005323,
            "cx": 1000.0,
            "cy": 750.0,
            "k1": 0.04437267864807959,
            "k2": 0.0,
            "p1": 0.0,
            "p2": 0.0,
            "camera_model": "OPENCV"
        },
        {
            "file_path": "images/frame_00063.jpg",
            "transform_matrix": [
                [
                    0.9487382579929151,
                    -0.09396544744832883,
                    0.30177178878484345,
                    2.0172990051509325
                ],
                [
                    0.30000860173809213,
                    -0.032696484214710005,
                    -0.9533759902594318,
                    -4.089082022998035
                ],
                [
                    0.09945127803966952,
                    0.9950384086083475,
                    -0.002829962975689497,
                    0.718784063760116
                ],
                [
                    0.0,
                    0.0,
                    0.0,
                    1.0
                ]
            ],
            "colmap_im_id": 63,
            "w": 2000,
            "h": 1500,
            "fl_x": 1484.1062146563172,
            "fl_y": 1484.1062146563172,
            "cx": 1000.0,
            "cy": 750.0,
            "k1": 0.029173908555618005,
            "k2": 0.0,
            "p1": 0.0,
            "p2": 0.0,
            "camera_model": "OPENCV"
        },
        {
            "file_path": "images/frame_00062.jpg",
            "transform_matrix": [
                [
                    0.9980908096948027,
                    0.011613088011552863,
                    -0.06066194680035569,
                    1.7158941635252465
                ],
                [
                    -0.06076934307341251,
                    0.009129531451871764,
                    -0.9981100834065826,
                    -4.25203073046074
                ],
                [
                    -0.01103732509257339,
                    0.9998908879684348,
                    0.009817821168448643,
                    0.72589958853355
                ],
                [
                    0.0,
                    0.0,
                    0.0,
                    1.0
                ]
            ],
            "colmap_im_id": 62,
            "w": 2000,
            "h": 1500,
            "fl_x": 1484.3301705478225,
            "fl_y": 1484.3301705478225,
            "cx": 1000.0,
            "cy": 750.0,
            "k1": 0.00790320167880194,
            "k2": 0.0,
            "p1": 0.0,
            "p2": 0.0,
            "camera_model": "OPENCV"
        },
        {
            "file_path": "images/frame_00064.jpg",
            "transform_matrix": [
                [
                    0.8647605616274182,
                    -0.16171113020456815,
                    0.47543525471066334,
                    2.359045783643233
                ],
                [
                    0.48608762552759677,
                    0.03176190979795182,
                    -0.8733326979994105,
                    -3.9493422310141075
                ],
                [
                    0.12612688596320315,
                    0.9863268684639733,
                    0.10607222625775882,
                    0.7209278458891863
                ],
                [
                    0.0,
                    0.0,
                    0.0,
                    1.0
                ]
            ],
            "colmap_im_id": 64,
            "w": 2000,
            "h": 1500,
            "fl_x": 1480.832517476397,
            "fl_y": 1480.832517476397,
            "cx": 1000.0,
            "cy": 750.0,
            "k1": 0.02707225047594748,
            "k2": 0.0,
            "p1": 0.0,
            "p2": 0.0,
            "camera_model": "OPENCV"
        },
        {
            "file_path": "images/frame_00065.jpg",
            "transform_matrix": [
                [
                    0.8705070893502449,
                    -0.08557043018699588,
                    0.4846597867252628,
                    2.483354156100322
                ],
                [
                    0.48943075279474385,
                    0.04702795411748923,
                    -0.8707731677941698,
                    -3.8921324298514186
                ],
                [
                    0.051719876350732476,
                    0.9952216200470806,
                    0.08281896752030386,
                    0.7244911272595814
                ],
                [
                    0.0,
                    0.0,
                    0.0,
                    1.0
                ]
            ],
            "colmap_im_id": 65,
            "w": 2000,
            "h": 1500,
            "fl_x": 1641.1912574744558,
            "fl_y": 1641.1912574744558,
            "cx": 1000.0,
            "cy": 750.0,
            "k1": 0.03751514197429437,
            "k2": 0.0,
            "p1": 0.0,
            "p2": 0.0,
            "camera_model": "OPENCV"
        },
        {
            "file_path": "images/frame_00066.jpg",
            "transform_matrix": [
                [
                    0.8222462634889911,
                    -0.006203705921973826,
                    0.5690980550056608,
                    2.829596393242548
                ],
                [
                    0.5678537736023005,
                    0.07591873828361256,
                    -0.8196209105330656,
                    -3.679861579336456
                ],
                [
                    -0.03812051919924018,
                    0.9970947092479521,
                    0.06594669670061083,
                    0.716326398557733
                ],
                [
                    0.0,
                    0.0,
                    0.0,
                    1.0
                ]
            ],
            "colmap_im_id": 66,
            "w": 2000,
            "h": 1500,
            "fl_x": 1650.5023151917367,
            "fl_y": 1650.5023151917367,
            "cx": 1000.0,
            "cy": 750.0,
            "k1": 0.03273137192317206,
            "k2": 0.0,
            "p1": 0.0,
            "p2": 0.0,
            "camera_model": "OPENCV"
        },
        {
            "file_path": "images/frame_00037.jpg",
            "transform_matrix": [
                [
                    0.9944374058469932,
                    -0.10484050793624572,
                    -0.010134779127952815,
                    -1.0286017156903193
                ],
                [
                    -0.013742451212047667,
                    -0.0337461011117104,
                    -0.9993359523675923,
                    -2.694008619611087
                ],
                [
                    0.10442887956397351,
                    0.9939163287497738,
                    -0.034999150812339785,
                    0.3082847588300041
                ],
                [
                    0.0,
                    0.0,
                    0.0,
                    1.0
                ]
            ],
            "colmap_im_id": 37,
            "w": 2000,
            "h": 1500,
            "fl_x": 1500.6606267636746,
            "fl_y": 1500.6606267636746,
            "cx": 1000.0,
            "cy": 750.0,
            "k1": 0.01429632373074727,
            "k2": 0.0,
            "p1": 0.0,
            "p2": 0.0,
            "camera_model": "OPENCV"
        },
        {
            "file_path": "images/frame_00040.jpg",
            "transform_matrix": [
                [
                    0.9909429011819307,
                    -0.07825253719472881,
                    0.1091270224084086,
                    -0.7749445378206802
                ],
                [
                    0.10822262953786428,
                    -0.01571930376128535,
                    -0.9940023973538347,
                    -3.0521743720074506
                ],
                [
                    0.0794986103843829,
                    0.996809632734279,
                    -0.007108237130545069,
                    0.37053501424632673
                ],
                [
                    0.0,
                    0.0,
                    0.0,
                    1.0
                ]
            ],
            "colmap_im_id": 40,
            "w": 2000,
            "h": 1500,
            "fl_x": 1500.2687759889627,
            "fl_y": 1500.2687759889627,
            "cx": 1000.0,
            "cy": 750.0,
            "k1": 0.012640671220108729,
            "k2": 0.0,
            "p1": 0.0,
            "p2": 0.0,
            "camera_model": "OPENCV"
        },
        {
            "file_path": "images/frame_00067.jpg",
            "transform_matrix": [
                [
